CDF Res: 
P	Q0	Q1	Q2	Q3	Q4	Q5
1	1165	1181	1176	1658	1323	1125	
5	1435	1447	1450	2049	1615	1381	
10	1600	1609	1615	2321	1792	1548	
15	1721	1731	1736	2536	1928	1665	
20	1822	1833	1841	2737	2039	1764	
25	1912	1930	1935	2925	2139	1855	
30	1999	2019	2021	3102	2231	1940	
35	2085	2103	2106	3277	2322	2022	
40	2171	2186	2189	3445	2413	2101	
45	2256	2271	2273	3610	2502	2184	
50	2342	2357	2358	3777	2593	2266	
55	2429	2444	2445	3951	2687	2352	
60	2521	2539	2541	4139	2788	2444	
65	2620	2638	2640	4331	2897	2540	
70	2730	2747	2750	4546	3019	2650	
75	2861	2871	2876	4788	3157	2771	
80	3009	3023	3025	5076	3318	2919	
85	3202	3220	3216	5431	3525	3105	
90	3476	3496	3489	5924	3837	3367	
95	4019	4049	4018	6791	4462	3886	
96	4227	4256	4218	7056	4712	4084	
97	4506	4565	4509	7443	5027	4364	
98	4957	5033	4956	7996	5586	4831	
99	5879	6132	5906	9051	6841	5831	
100	20400	33724	19458	24040	20208	18925	
