CDF Res: 
P	Q0	Q1	Q2	Q3	Q4	Q5
1	2375	1476	1885	9453	24518	1905	
5	11545	7480	9569	103703	67185	13965	
10	25932	23448	27025	255772	233782	28899	
15	40454	43529	41344	410544	325794	47237	
20	62420	67430	63862	516519	412697	78483	
25	104257	105826	97708	623450	497679	127689	
30	148804	145230	136721	679582	595325	169433	
35	198034	200922	187489	801854	644716	221112	
40	273657	274269	251659	911240	714084	274980	
45	324410	336119	324600	990453	797016	333097	
50	398023	409908	387164	1097070	891628	400369	
55	461209	483036	442730	1193521	989969	464360	
60	540920	559642	504177	1361424	1052761	532707	
65	600429	627132	595934	1517583	1146445	603762	
70	676131	708542	714608	1681123	1279072	672529	
75	782693	831649	822948	1934948	1428884	763416	
80	926613	963752	965718	2210348	1575773	878716	
85	1103366	1117836	1112317	2511135	1924111	1067054	
90	1351788	1394721	1294159	2861035	2295730	1235026	
95	2263775	2028238	2007141	3392389	2688962	2149052	
96	2348018	2266436	2222560	3639375	2752888	2377565	
97	2477429	2460943	2380445	4010949	2903020	2640727	
98	2725950	2643876	2534473	4294575	3030093	2865800	
99	2935333	2982865	2762715	4721218	3529712	3028956	
100	3292720	3662406	4932396	8057663	5387190	3800247	
