CDF Res: 
P	Q0	Q1	Q2	Q3	Q4	Q5
1	2420	2562	2447	47822	23474	3513	
5	6085	6281	5739	96521	48513	8265	
10	10583	11411	10474	133848	71351	14230	
15	16432	17144	15460	175297	92402	22518	
20	22218	22672	21669	209137	112723	31547	
25	29350	29082	28624	239181	134864	39155	
30	36177	36334	36192	270210	155523	50041	
35	44056	43493	44116	299560	177608	61452	
40	53586	52690	51835	329317	200077	75502	
45	64247	64766	62700	358601	224157	91819	
50	76703	79735	75250	392338	246182	107708	
55	92768	93950	92383	428736	270266	128790	
60	110636	114318	114182	460646	300213	152731	
65	134197	138847	138927	494014	331244	180375	
70	163012	165185	163338	525744	372395	206098	
75	194533	199847	200803	561041	412343	242422	
80	237904	244758	246138	602925	454414	295536	
85	292493	295969	302560	655160	506653	365672	
90	375071	388249	382884	725893	560953	435371	
95	488651	492730	491986	820058	649176	534596	
96	512454	519676	517874	838826	678799	566522	
97	539022	563616	560588	877866	706689	586778	
98	582559	595969	608722	922211	733953	643032	
99	683953	672258	682512	1005089	781118	704285	
100	940366	901920	921449	1491715	1059568	1132626	
