CDF Res: 
P	Q0	Q1	Q2	Q3	Q4	Q5
1	1207	1242	1503	51885	13392	1894	
5	3390	4058	3898	122979	62345	5452	
10	6303	7873	7959	190254	93672	11973	
15	11698	14274	13418	237162	130833	24576	
20	18949	21503	23016	288369	158689	33398	
25	27301	30293	33719	355168	183947	47285	
30	38465	40289	44107	412136	224402	61820	
35	47363	51512	56144	464560	260629	77099	
40	61136	65824	71125	524321	303245	93711	
45	77637	83860	88105	573578	352225	115265	
50	95212	101344	107444	616628	398970	141586	
55	117646	126883	133279	692658	454442	174764	
60	144967	153103	159157	767776	511159	204664	
65	176924	188236	192941	873580	567809	245964	
70	214722	227351	243594	950563	629190	295531	
75	274653	295565	315951	1025810	714963	374978	
80	367788	388585	397367	1118061	843223	454861	
85	492663	484186	474199	1214176	965089	552642	
90	672705	642059	627216	1363793	1098447	707206	
95	978107	946578	943099	1585147	1331688	994690	
96	1035451	1032741	994064	1671091	1367483	1101134	
97	1134433	1102958	1070063	1794788	1422839	1178562	
98	1225105	1206396	1193474	1948576	1529264	1278299	
99	1393749	1406924	1399081	2232659	1687224	1428716	
100	1757129	1878534	1800176	2840424	2297585	1763135	
