CDF Res: 
P	Q0	Q1	Q2	Q3	Q4	Q5
1	2463	2404	2439	3239	3543	2629	
5	3385	3421	3432	4434	4820	3567	
10	4042	4087	4123	5390	5680	4225	
15	4595	4630	4662	6217	6325	4792	
20	5099	5108	5152	6999	6964	5302	
25	5538	5586	5606	7795	7600	5779	
30	6020	6044	6055	8669	8143	6261	
35	6497	6505	6507	9637	8713	6751	
40	6964	6983	6962	10743	9315	7257	
45	7463	7513	7490	11955	9973	7834	
50	8005	8104	8031	13377	10701	8407	
55	8627	8674	8648	14835	11463	9004	
60	9286	9320	9326	16576	12310	9671	
65	10038	10037	10094	18514	13267	10433	
70	10872	10887	10955	20697	14366	11388	
75	11858	11882	12063	23391	15753	12576	
80	13202	13185	13352	26456	17433	13911	
85	14924	14917	15140	30666	19809	15716	
90	17657	17677	17759	36623	23398	18393	
95	23183	23185	23198	47744	30309	24012	
96	24926	24919	25300	51654	32907	26074	
97	27685	27699	27914	56345	36223	28883	
98	31535	31857	32058	65253	40755	32839	
99	38830	38937	39104	82081	48761	39775	
100	112379	121481	113842	239802	109201	122245	
