CDF Res: 
P	Q0	Q1	Q2	Q3	Q4	Q5
1	2018	1856	3041	2446	4403	2390	
5	2525	2505	3091	3089	4648	3739	
10	3214	3603	3630	4754	7000	4745	
15	4070	3811	3983	5340	9552	4826	
20	4563	4086	6095	5794	11453	5602	
25	5767	4571	9626	10424	11616	5893	
30	7050	5177	10664	10512	12336	7892	
35	8609	8081	13348	11487	14563	8025	
40	9663	8751	39189	13127	75506	8704	
45	10732	9086	111803	21031	1114809	9667	
50	18491	9620	799763	29117	1593512	10136	
55	21197	10412	1639274	118044	1602756	12061	
60	32028	12018	2317005	2113953	2082225	15439	
65	35869	18117	2542102	2309794	2318971	29243	
70	106442	29117	3020582	2427490	3028179	58298	
75	792688	53659	4045065	2443526	3127935	619779	
80	1378726	1105726	5011977	2553575	5501469	2302513	
85	2078828	2411520	6106069	4626805	5628183	2457848	
90	2310865	4081754	7380300	6115311	8561682	5557622	
95	4925506	4859218	7666546	7608755	8772680	7387123	
96	4925506	4859218	7666546	7608755	9396809	7387123	
97	5504803	4859218	8501303	7640903	9396809	9333373	
98	5504803	8220141	8501303	7640903	9396809	9333373	
99	6584824	8220141	9643239	7640903	9396809	9333373	
100	6584824	8220141	9643239	7640903	9396809	9333373	
