CDF Res: 
P	Q0	Q1	Q2	Q3	Q4	Q5
1	2650	2104	3353	11359	21615	4525	
5	6972	8874	11435	30410	42161	10897	
10	12988	15829	19874	58896	60569	19256	
15	18651	25374	30399	86933	84550	25870	
20	28899	34081	38454	112925	106069	39147	
25	36275	43365	46992	140588	127155	49135	
30	47408	53054	56938	171056	149364	59907	
35	59010	64429	70086	199774	167918	69773	
40	70419	79752	82322	232603	188280	82310	
45	83434	94295	91940	263033	207152	97667	
50	96909	108932	104579	291541	225621	110774	
55	108495	120477	117487	338990	249134	123075	
60	126705	137677	133292	373451	268464	138683	
65	146110	157684	148359	425662	299559	163477	
70	166130	181393	165475	470788	328438	191685	
75	193771	208040	191318	539483	370087	219326	
80	227672	236230	225050	604092	441810	249286	
85	266586	281311	277048	691527	496052	293859	
90	332809	339695	340907	797855	569416	364353	
95	447807	431775	493791	1007689	701194	491904	
96	495229	455579	519699	1070296	745895	518762	
97	538985	504097	557455	1128170	790258	594820	
98	620309	543077	613946	1229699	841574	657075	
99	658921	647868	711052	1419559	1007332	767597	
100	1052197	1174309	1085454	2373624	1426734	1222593	
