CDF Res: 
P	Q0	Q1	Q2	Q3	Q4	Q5
1	1969	2604	2110	6315	6943	2914	
5	5316	5605	4887	17818	21748	5872	
10	8796	9547	9059	32695	34313	10677	
15	13865	13597	13031	48803	44090	16088	
20	18260	17486	17271	66723	52579	21892	
25	23218	21563	22979	84682	62156	27854	
30	28476	26870	27358	96657	69541	32730	
35	34151	32370	31901	109239	80422	37821	
40	40668	38559	37023	123603	88143	43898	
45	47145	45092	43121	137410	97418	49424	
50	53588	51431	49294	153902	107056	57094	
55	60455	61668	57221	173660	121085	66248	
60	67152	70907	66632	190836	132348	74014	
65	75482	78746	76784	212958	145612	82608	
70	85496	90631	86819	244389	162195	93668	
75	98018	103074	99915	267389	178791	107260	
80	114491	120866	119829	291609	206841	122438	
85	135963	146815	145834	338941	236729	145908	
90	173501	188757	192225	402108	284349	177924	
95	243653	257713	288075	584381	439815	254098	
96	284443	301807	329769	645418	514006	285853	
97	335585	344222	396349	712511	587412	320350	
98	423655	439132	482120	820591	647336	411402	
99	555196	569563	600381	906085	745674	539096	
100	1000601	796047	997554	1171266	1032358	1040853	
