9	7	3	[]
1	46	3	[]
2	46	3	[]
3	48	3	[]
4	48	3	[]
5	48	3	[]
6	48	3	[]
7	48	3	[]
8	48	3	[]
10	46	4	[]
10	47	4	[]
10	48	4	[]
10	49	4	[]
10	50	4	[]
10	51	4	[]
10	52	4	[]
10	53	4	[]
10	54	4	[]
46	28	1	[]
47	28	1	[]
48	28	1	[]
49	28	1	[]
50	28	1	[]
51	28	1	[]
52	28	1	[]
53	28	1	[]
54	28	1	[]
55	56	14	[]
56	57	14	[]
57	58	14	[]
59	56	14	[]
60	61	14	[]
61	56	14	[]
62	63	14	[]
63	56	14	[]
64	55	15	[]
65	56	15	[]
66	59	15	[]
67	60	15	[]
68	60	15	[]
69	60	15	[]
70	62	15	[]
10	28	6	[]
11	28	6	[]
12	28	6	[]
13	28	6	[]
14	28	6	[]
15	28	6	[]
16	28	6	[]
17	28	6	[]
18	28	6	[]
