1	0	1	46 
2	0	1	46 
3	0	1	48 
4	0	1	48 
5	0	1	48 
6	0	1	48 
7	1	9 1	48 
8	0	1	48 
9	0	1	7 
10	0	10	46 47 48 49 50 51 52 53 54 28 
11	0	1	28 
12	0	1	28 
13	0	1	28 
14	0	1	28 
15	0	1	28 
16	0	1	28 
17	0	1	28 
18	0	1	28 
19	0	0	
20	0	0	
21	0	0	
22	0	0	
23	0	0	
24	0	0	
25	0	0	
26	0	0	
27	0	0	
28	18	10 11 12 13 14 15 16 17 18 46 47 48 49 50 51 52 53 54 0	
29	0	0	
30	0	0	
31	0	0	
32	0	0	
33	0	0	
34	0	0	
35	0	0	
36	0	0	
37	0	0	
38	0	0	
39	0	0	
40	0	0	
41	0	0	
42	0	0	
43	0	0	
44	0	0	
45	0	0	
46	3	1 2 10 1	28 
47	1	10 1	28 
48	7	3 4 5 6 7 8 10 1	28 
49	1	10 1	28 
50	1	10 1	28 
51	1	10 1	28 
52	1	10 1	28 
53	1	10 1	28 
54	1	10 1	28 
55	1	64 1	56 
56	5	55 59 61 63 65 1	57 
57	1	56 1	58 
58	1	57 0	
59	1	66 1	56 
60	3	67 68 69 1	61 
61	1	60 1	56 
62	1	70 1	63 
63	1	62 1	56 
64	0	1	55 
65	0	1	56 
66	0	1	59 
67	0	1	60 
68	0	1	60 
69	0	1	60 
70	0	1	62 
71	0	0	
72	0	0	
