CDF Res: 
P	Q0	Q1	Q2	Q3	Q4	Q5
1	62	71	69	342	90	69	
5	66	75	74	352	95	73	
10	69	78	77	358	98	75	
15	71	80	79	365	100	77	
20	73	82	80	375	102	79	
25	74	83	82	418	104	81	
30	76	85	84	457	106	82	
35	77	86	85	482	108	83	
40	79	88	87	508	110	85	
45	80	90	88	532	112	86	
50	82	91	90	554	114	88	
55	83	93	91	576	116	90	
60	85	95	93	608	118	91	
65	87	97	95	649	121	93	
70	89	100	97	691	124	96	
75	92	103	100	739	129	98	
80	96	107	103	799	139	102	
85	104	118	109	936	182	108	
90	155	181	132	1228	282	130	
95	334	371	269	1849	516	275	
96	412	447	339	2004	589	342	
97	503	533	436	2161	679	441	
98	616	655	555	2343	778	540	
99	768	808	712	2650	927	709	
100	2177	1934	2008	11706	3144	1876	
