CDF Res: 
P	Q0	Q1	Q2	Q3	Q4	Q5
1	72	84	82	389	103	82	
5	81	92	90	419	114	89	
10	89	101	97	457	125	96	
15	95	108	103	491	137	103	
20	102	115	108	536	153	108	
25	110	123	114	687	167	114	
30	117	132	120	879	179	120	
35	125	140	127	1025	191	127	
40	132	148	134	1169	202	135	
45	140	156	141	1309	213	142	
50	148	164	148	1439	225	149	
55	157	173	156	1568	240	157	
60	167	184	165	1729	260	166	
65	179	197	174	1895	286	176	
70	195	214	188	2086	332	189	
75	219	244	205	2309	409	207	
80	264	304	232	2575	515	236	
85	372	431	296	2981	640	309	
90	542	615	459	3915	775	486	
95	759	833	705	7258	952	724	
96	831	886	772	7912	983	803	
97	893	930	854	8627	1023	874	
98	949	977	920	9487	1083	932	
99	1032	1056	996	10662	1202	1016	
100	1555458	6126	1815	17347	6517	4720	
