CDF Res: 
P	Q0	Q1	Q2	Q3	Q4	Q5
1	76	100	94	12707	1099	117	
5	105	145	141	35890	2164	280	
10	193	309	210	52369	3367	631	
15	430	611	481	62440	4604	977	
20	828	849	783	70393	6453	1409	
25	1135	1194	1047	82627	8898	2121	
30	1575	1635	1373	91105	10788	2985	
35	2131	2437	1992	97963	14552	4053	
40	3195	3287	2861	105667	18839	5586	
45	4570	4499	4164	114851	23946	7802	
50	6692	5952	5624	134439	28436	9961	
55	8990	8579	7605	148445	34156	13329	
60	12367	12086	10235	163545	40700	17319	
65	16926	16229	13460	182999	50423	22770	
70	22649	22135	19123	198013	61506	30026	
75	28984	30457	27464	217754	73455	38164	
80	36936	39473	35549	252683	91770	49266	
85	51791	53024	46825	299540	109480	62935	
90	74969	73321	69691	357974	149493	97791	
95	128737	118733	99660	436341	213596	158359	
96	136705	134804	117166	456014	227199	178177	
97	161806	148373	142974	495201	275306	203609	
98	188563	193482	156462	575325	299831	247670	
99	222878	251101	211508	736708	323490	319947	
100	476095	412892	391661	1013829	758895	556475	
