CDF Res: 
P	Q0	Q1	Q2	Q3	Q4	Q5
1	92	105	100	21626	1867	126	
5	144	141	126	60743	3286	295	
10	343	295	199	99331	5666	547	
15	513	461	405	114443	8567	936	
20	704	765	587	132254	11904	1288	
25	942	1045	889	147198	14919	1905	
30	1209	1393	1120	160053	18980	2453	
35	1810	1813	1496	173441	23383	3562	
40	2887	2576	2044	185751	30206	5156	
45	3999	3649	2583	198388	36706	7431	
50	6174	5330	3725	214713	41703	10945	
55	8933	8061	6222	228570	52643	14377	
60	11860	11679	9151	243832	60639	19163	
65	16019	15174	14322	277056	73517	26070	
70	21699	21116	19937	309865	87813	34879	
75	27982	27888	26738	353300	104901	41912	
80	38798	36809	38271	402999	118625	54327	
85	55458	48207	47696	493546	135944	72577	
90	81420	68556	76621	613700	187719	101520	
95	116320	109793	105260	888648	351775	136753	
96	138103	133998	117780	921390	485374	145526	
97	185491	166969	140703	947575	549209	180255	
98	278331	185424	176478	1058417	640577	268835	
99	370811	288936	262765	1323781	838258	511131	
100	776215	726327	638697	2254792	893491	813605	
